0.0 C M1 3 2 72 23.540196 87.228998 20170325174613 Shelter
0.0 C M2 1 4 57 23.539658 87.229607 20170326002315 Health
0.0 C M3 1 2 65 23.538168 87.231636 20170325230804 Health
0.0 C M4 3 2 56 23.539525 87.229951 20170326012432 Victim
0.0 C M5 2 3 75 23.539394 87.230562 20170325224319 Victim
0.0 C M6 3 4 85 23.540717 87.230289 20170326003637 Shelter
0.0 C M7 2 3 54 23.540399 87.229883 20170325224019 Shelter
0.0 C M8 1 2 67 23.540123 87.230150 20170325213643 Health
0.0 C M9 1 3 71 23.539067 87.229658 20170325205903 Victim
0.0 C M10 4 3 79 23.540222 87.228918 20170325180614 Food
0.0 C M11 1 3 78 23.541237 87.228819 20170326005635 Victim
0.0 C M12 2 4 76 23.541255 87.229638 20170326005207 Shelter
0.0 C M13 2 3 85 23.538736 87.230479 20170325162841 Health
0.0 C M14 1 3 62 23.540337 87.230040 20170326012138 Victim
0.0 C M15 3 1 71 23.541388 87.229745 20170325174318 Health
0.0 C M16 4 1 51 23.539347 87.230161 20170325194911 Victim
0.0 C M17 4 3 69 23.539195 87.230538 20170325204124 Health
0.0 C M18 2 4 70 23.539121 87.231032 20170326013516 Victim
0.0 C M19 3 4 83 23.539644 87.228984 20170325165044 Food
0.0 C M20 3 2 68 23.540832 87.230214 20170326020627 Health
0.0 C M21 1 2 56 23.539907 87.228563 20170325174131 Food
0.0 C M22 1 2 54 23.538915 87.231130 20170325223044 Victim
0.0 C M23 3 2 79 23.541410 87.230487 20170325223548 Food
0.0 C M24 4 2 53 23.539070 87.229003 20170325170804 Food
0.0 C M25 4 1 56 23.541041 87.228899 20170325163833 Shelter
0.0 C M26 3 2 61 23.541266 87.230760 20170325221054 Victim
0.0 C M27 2 1 79 23.538604 87.228784 20170325165443 Food
0.0 C M28 1 2 75 23.538287 87.228536 20170325190356 Health
0.0 C M29 1 3 57 23.539667 87.229640 20170325203103 Victim
0.0 C M30 3 2 64 23.540243 87.229758 20170325162850 Food
0.0 C M31 2 1 76 23.539165 87.230381 20170325182316 Food
0.0 C M32 3 1 65 23.539452 87.229819 20170325193311 Food
0.0 C M33 4 1 67 23.541045 87.230508 20170325192932 Victim
0.0 C M34 4 1 65 23.541439 87.228868 20170326012621 Food
0.0 C M35 1 2 77 23.541426 87.230283 20170325183940 Health
0.0 C M36 3 4 72 23.540016 87.230899 20170325162520 Health
0.0 C M37 4 1 62 23.540748 87.230228 20170325173819 Food
0.0 C M38 3 2 65 23.539442 87.228718 20170325230132 Shelter
0.0 C M39 4 1 80 23.539306 87.228774 20170326002205 Health
0.0 C M40 3 1 57 23.541030 87.230325 20170325194710 Shelter
0.0 C M41 2 1 69 23.539819 87.229659 20170325225423 Shelter
0.0 C M42 3 4 85 23.540599 87.228601 20170325192353 Food
0.0 C M43 1 4 56 23.540366 87.229551 20170325163700 Health
0.0 C M44 4 1 76 23.538839 87.229431 20170325175937 Food
0.0 C M45 1 4 53 23.540071 87.229425 20170325212537 Food
0.0 C M46 4 1 75 23.540670 87.231215 20170325201025 Victim
0.0 C M47 4 1 64 23.540343 87.230994 20170326013100 Food
0.0 C M48 4 3 75 23.540417 87.230666 20170326005452 Health
0.0 C M49 4 2 81 23.539138 87.228145 20170325231339 Food
0.0 C M50 4 3 80 23.538586 87.229306 20170325211519 Shelter
